Punkt	Code	Jahr	Stratum	design_od_modell_basiert	x_rel_obs	y_rel_obs	x_UTM	y_UTM	Tiefe_zum_Oxidationshorizont_cm	Maechtigkeit_Oxidationshorizont_cm	Maechtigkeit_A_Horizont_cm	Maechtigkeit_AL_Schicht_cm	Gelaendehoehe_m	Bodenfeuchte_Prozent	pH	OBS
1	s1.1_d.1	2012	1	d	1024.008	990.002	311988	5846505	100	0	10	15	NA	NA	NA	NA
2	s1.1_d.2	2012	1	d	1016.022	1034.028	311980	5846549	100	0	10	0	NA	NA	NA	NA
3	s1.1_m.1	2012	1	m	1024.474	990.006	311988.5	5846505	100	0	15	20	NA	NA	NA	NA
4	s1.1_m.2	2012	1	m	1031.506	989.998	311995.5	5846505	85	15	NA	20	NA	NA	NA	NA
5	s1.2_d.1	2012	1	d	1010.017	1009.004	311974	5846524	100	0	32	0	NA	NA	NA	NA
6	s1.2_d.2	2012	1	d	1005.013	1000.005	311969	5846515	100	0	0	0	NA	NA	NA	NA
7	s1.2_m.1	2012	1	m	1010.502	1009.008	311974.5	5846524	100	0	34	0	NA	NA	NA	NA
8	s1.2_m.2	2012	1	m	1017.495	1008.985	311981.5	5846524	100	0	22	0	NA	NA	NA	NA
9	s1.3_d.1	2012	1	d	979	1002.02	311943	5846517	100	0	13	0	NA	NA	NA	NA
10	s1.3_d.2	2012	1	d	971.013	1004.018	311935	5846519	100	0	22	0	NA	NA	NA	NA
11	s1.3_m.1	2012	1	m	979.489	1001.984	311943.5	5846517	100	0	0	0	NA	NA	NA	NA
12	s1.3_m.2	2012	1	m	986.499	1001.986	311950.5	5846517	100	0	10	0	NA	NA	NA	NA
13	s1.4_d.1	2012	1	d	1005.013	1040.014	311969	5846555	100	0	27	0	NA	NA	NA	NA
14	s1.4_d.2	2012	1	d	991.989	1045.982	311956	5846561	67.5	5	8	0	NA	NA	NA	NA
15	s1.4_m.1	2012	1	m	1005.488	1040.001	311969.5	5846555	35	56	5	0	NA	NA	NA	NA
16	s1.4_m.2	2012	1	m	1012.492	1039.999	311976.5	5846555	18	42	10	0	NA	NA	NA	NA
17	s1.5_d.1	2012	1	d	1055.026	1004.003	312019	5846519	45	52	35	0	98.908	NA	NA	NA
18	s1.5_d.2	2012	1	d	1040.984	1017.995	312005	5846533	41	39	40	0	99.048	NA	NA	NA
19	s1.5_m.1	2012	1	m	1055.493	1004.003	312019.5	5846519	35	57.5	7	0	98.894	NA	NA	NA
20	s1.5_m.2	2012	1	m	1062.496	1004.003	312026.5	5846519	30	70	10	NA	98.743	NA	NA	NA
21	s2.1_d.1	2012	2	d	999.018	915.989	311963	5846431	17	83	20	100	98.484	NA	NA	NA
22	s2.1_d.2	2012	2	d	992.993	923.013	311957	5846438	28	72	26	100	98.609	NA	NA	NA
23	s2.1_m.1	2012	2	m	999.487	916.016	311963.5	5846431	35	65	25	100	98.499	NA	NA	NA
24	s2.1_m.2	2012	2	m	1006.504	916.007	311970.5	5846431	33	67	39	100	98.506	NA	NA	NA
25	s2.2_d.1	2012	2	d	1001.989	979.992	311966	5846495	25	75	20	60	99.205	NA	NA	NA
26	s2.2_d.2	2012	2	d	1003.015	966.999	311967	5846482	33	67	NA	NA	99.075	NA	NA	NA
27	s2.2_m.1	2012	2	m	1002.473	980.014	311966.5	5846495	100	0	32	35	99.211	NA	NA	NA
28	s2.2_m.2	2012	2	m	1009.5	979.998	311973.5	5846495	100	0	32	55	99.229	NA	NA	NA
29	s2.3_d.1	2012	2	d	1013.002	1057.988	311977	5846573	18	49	30	50	98.375	NA	NA	NA
30	s2.3_d.2	2012	2	d	1021.013	1068.003	311985	5846583	14	42	15	70	98.066	NA	NA	NA
31	s2.3_m.1	2012	2	m	1013.511	1057.98	311977.5	5846573	100	0	55	50	98.367	NA	NA	NA
32	s2.3_m.2	2012	2	m	1020.514	1058.006	311984.5	5846573	NA	NA	NA	NA	98.233	NA	NA	NA
33	s2.4_d.1	2012	2	d	910.009	1004.986	311874	5846520	49	51	NA	100	97.973	NA	NA	NA
34	s2.4_d.2	2012	2	d	906.005	986.006	311870	5846501	21	79	20	100	98.488	NA	NA	NA
35	s2.4_m.1	2012	2	m	910.508	1004.992	311874.5	5846520	32	25	25	100	98	NA	NA	NA
36	s2.4_m.2	2012	2	m	917.5	1005.02	311881.5	5846520	25	55	36	100	98.171	NA	NA	NA
37	s2.5_d.1	2012	2	d	949.999	965.012	311914	5846480	19	81	22	100	98.914	NA	NA	NA
38	s2.5_d.2	2012	2	d	946.009	968.008	311910	5846483	22	78	20	80	98.916	NA	NA	NA
39	s2.5_m.1	2012	2	m	950.503	965.001	311914.5	5846480	35	65	26	80	98.907	NA	NA	NA
40	s2.5_m.2	2012	2	m	957.518	964.998	311921.5	5846480	70	30	NA	100	99	NA	NA	NA
41	s2.6_d.1	2012	2	d	1054.995	1023.991	312019	5846539	16	16	20	35	98.111	NA	NA	NA
42	s2.6_d.2	2012	2	d	1060	1033.978	312024	5846549	28	11	15	65	97.817	NA	NA	NA
43	s2.6_m.1	2012	2	m	1055.489	1023.984	312019.5	5846539	10	23	20	NA	98.072	NA	NA	NA
44	s2.6_m.2	2012	2	m	1062.494	1023.999	312026.5	5846539	40	40	40	45	97.895	NA	NA	NA
45	s2.7_d.1	2012	2	d	982.996	930.013	311947	5846445	31	69	40	100	98.777	NA	NA	NA
46	s2.7_d.2	2012	2	d	966.997	943.026	311931	5846458	30	70	30	100	98.971	NA	NA	NA
47	s2.7_m.1	2012	2	m	983.492	930	311947.5	5846445	41	59	20	100	98.755	NA	NA	NA
48	s2.7_m.2	2012	2	m	990.518	930.025	311954.5	5846445	32	68	30	100	98.821	NA	NA	NA
49	s2.8_d.1	2012	2	d	987.996	1051.016	311952	5846566	76	17	48	50	98.663	NA	NA	NA
50	s2.8_d.2	2012	2	d	980.023	1045.996	311944	5846561	84	16	17	50	98.618	NA	NA	NA
51	s2.8_m.1	2012	2	m	988.485	1050.982	311952.5	5846566	12	88	21	0	98.654	NA	NA	NA
52	s2.8_m.2	2012	2	m	995.486	1050.994	311959.5	5846566	100	0	12	0	98.782	NA	NA	NA
53	s2.9_d.1	2012	2	d	876.003	962.982	311840	5846478	35	35	48	100	97.927	NA	NA	NA
54	s2.9_d.2	2012	2	d	877.013	967.998	311841	5846483	17	42	23	100	97.979	NA	NA	NA
55	s2.9_m.1	2012	2	m	876.491	962.985	311840.5	5846478	22	73	10	100	97.963	NA	NA	NA
56	s2.9_m.2	2012	2	m	883.502	962.999	311847.5	5846478	33	67	35	100	98.169	NA	NA	NA
57	s2.10_d.1	2012	2	d	1045.002	888.005	312009	5846403	25	75	75	100	98.361	NA	NA	NA
58	s2.10_d.2	2012	2	d	1055.014	905.011	312019	5846420	40	60	80	100	98.504	NA	NA	NA
59	s2.10_m.1	2012	2	m	1045.488	887.986	312009.5	5846403	39	47	35	100	98.349	NA	NA	NA
60	s2.10_m.2	2012	2	m	1052.49	888.003	312016.5	5846403	18	82	20	100	98.373	NA	NA	NA
61	s2.11_d.1	2012	2	d	958.006	911.013	311922	5846426	30	70	40	100	98.33	NA	NA	NA
62	s2.11_d.2	2012	2	d	942.01	919.988	311906	5846435	30	70	20	100	98.299	NA	NA	NA
63	s2.11_m.1	2012	2	m	958.482	910.99	311922.5	5846426	22	78	20	100	98.346	NA	NA	NA
64	s2.11_m.2	2012	2	m	965.513	911.011	311929.5	5846426	25	72	25	100	98.339	NA	NA	NA
65	s2.12_d.1	2012	2	d	918.005	920.013	311882	5846435	26	66	20	100	98.25	NA	NA	NA
66	s2.12_d.2	2012	2	d	907.014	939.991	311871	5846455	25	75	20	100	98.232	NA	NA	NA
67	s2.12_m.1	2012	2	m	918.493	920	311882.5	5846435	100	0	NA	100	98.238	NA	NA	NA
68	s2.12_m.2	2012	2	m	925.502	920.005	311889.5	5846435	25	75	20	100	98.283	NA	NA	NA
69	s2.13_d.1	2012	2	d	1029.005	929.013	311993	5846444	100	0	50	100	98.852	NA	NA	NA
70	s2.13_d.2	2012	2	d	1023.99	950.994	311988	5846466	100	0	NA	100	98.851	NA	NA	NA
71	s2.13_m.1	2012	2	m	1029.495	929.009	311993.5	5846444	35	65	60	100	98.848	NA	NA	NA
72	s2.13_m.2	2012	2	m	1036.492	928.986	312000.5	5846444	40	60	40	100	98.829	NA	NA	NA
73	s2.14_d.1	2012	2	d	932.994	1010.012	311897	5846525	100	0	55	35	98.51	NA	NA	NA
74	s2.14_d.2	2012	2	d	915.999	996.982	311880	5846512	26	74	30	100	98.506	NA	NA	NA
75	s2.14_m.1	2012	2	m	933.498	1010.011	311897.5	5846525	60	40	35	30	98.519	NA	NA	NA
76	s2.14_m.2	2012	2	m	940.512	1010.009	311904.5	5846525	80	15	10	40	98.667	NA	NA	NA
77	s2.15_d.1	2012	2	d	945.981	948.996	311910	5846464	47	53	10	100	99.055	NA	NA	NA
78	s2.15_d.2	2012	2	d	937.008	974.006	311901	5846489	41	59	5	100	99.061	NA	NA	NA
79	s2.15_m.1	2012	2	m	946.507	948.994	311910.5	5846464	41	59	15	100	99.042	NA	NA	NA
80	s2.15_m.2	2012	2	m	953.486	949.004	311917.5	5846464	55	45	20	100	99.082	NA	NA	NA
81	s2.16_d.1	2012	2	d	1052.006	952.977	312016	5846468	60	40	35	100	98.896	NA	NA	NA
82	s2.16_d.2	2012	2	d	1056	963.008	312020	5846478	42	58	43	100	98.92	NA	NA	NA
83	s2.16_m.1	2012	2	m	1052.505	952.998	312016.5	5846468	30	70	35	100	98.881	NA	NA	NA
84	s2.16_m.2	2012	2	m	1059.501	952.989	312023.5	5846468	50	50	22	100	98.876	NA	NA	NA
85	s2.17_d.1	2012	2	d	1032.005	883.011	311996	5846398	24	49	24	70	98.237	NA	NA	NA
86	s2.17_d.2	2012	2	d	1004.01	902.996	311968	5846418	26	74	55	100	98.438	NA	NA	NA
87	s2.17_m.1	2012	2	m	1032.5	883.004	311996.5	5846398	18	82	40	90	98.246	NA	NA	NA
88	s2.17_m.2	2012	2	m	1039.5	883.006	312003.5	5846398	27	41	21	100	98.291	NA	NA	NA
89	s2.18_d.1	2012	2	d	976.992	953.991	311941	5846469	26	74	18	75	98.982	NA	NA	NA
90	s2.18_d.2	2012	2	d	993.984	973.998	311958	5846489	67	33	65	70	99.089	NA	NA	NA
91	s2.18_m.1	2012	2	m	977.507	951.011	311941.5	5846466	25	75	55	100	98.851	NA	NA	NA
92	s2.18_m.2	2012	2	m	984.517	953.985	311948.5	5846469	21	79	NA	NA	98.885	NA	NA	NA
93	s3.1_d.1	2012	3	d	850.004	921.012	311814	5846436	22	66	19	90	97.803	NA	NA	NA
94	s3.1_d.2	2012	3	d	834.01	934.015	311798	5846449	NA	NA	NA	NA	97.775	NA	NA	NA
95	s3.1_m.1	2012	3	m	850.496	921.001	311814.5	5846436	NA	NA	NA	NA	97.787	NA	NA	NA
96	s3.1_m.2	2012	3	m	857.508	921.007	311821.5	5846436	13	87	15	100	97.786	NA	NA	NA
97	s3.2_d.1	2012	3	d	878	908.002	311842	5846423	100	0	23	65	97.735	NA	NA	NA
98	s3.2_d.2	2012	3	d	867.998	939.005	311832	5846454	NA	NA	NA	NA	97.906	NA	NA	NA
99	s3.2_m.1	2012	3	m	878.499	908.005	311842.5	5846423	100	0	20	100	97.72	NA	NA	NA
100	s3.2_m.2	2012	3	m	885.5	907.991	311849.5	5846423	NA	NA	NA	NA	97.666	NA	NA	NA
101	s3.3_d.1	2012	3	d	936.003	906.019	311900	5846421	32	47	35	85	97.918	NA	NA	NA
102	s3.3_d.2	2012	3	d	922.018	891.001	311886	5846406	23	56	20	100	97.777	NA	NA	NA
103	s3.3_m.1	2012	3	m	936.502	906.012	311900.5	5846421	34	21	15	65	97.91	NA	NA	NA
104	s3.3_m.2	2012	3	m	943.505	906.008	311907.5	5846421	NA	NA	NA	NA	98.072	NA	NA	NA
105	s3.4_d.1	2012	3	d	902.993	1029.997	311867	5846545	30	15	15	NA	97.869	NA	NA	NA
106	s3.4_d.2	2012	3	d	895.033	1002.014	311859	5846517	15	17	20	NA	97.845	NA	NA	NA
107	s3.4_m.1	2012	3	m	903.504	1029.98	311867.5	5846545	30	70	27	NA	97.863	NA	NA	NA
108	s3.4_m.2	2012	3	m	910.497	1029.999	311874.5	5846545	100	0	10	NA	97.737	NA	NA	NA
109	s3.5_d.1	2012	3	d	893.984	909.994	311858	5846425	22	7	20	100	97.737	NA	NA	NA
110	s3.5_d.2	2012	3	d	895.997	901.974	311860	5846417	34	52	36	100	97.76	NA	NA	NA
111	s3.5_m.1	2012	3	m	894.499	910.004	311858.5	5846425	31	20	25	100	97.756	NA	NA	NA
112	s3.5_m.2	2012	3	m	901.499	910.017	311865.5	5846425	35	60	NA	NA	97.801	NA	NA	NA
113	s3.6_d.1	2012	3	d	860.008	963.998	311824	5846479	18	82	15	NA	97.913	NA	NA	NA
114	s3.6_d.2	2012	3	d	858.016	982.006	311822	5846497	100	0	32	NA	97.863	NA	NA	NA
115	s3.6_m.1	2012	3	m	860.508	964.003	311824.5	5846479	10	22	8	NA	97.935	NA	NA	NA
116	s3.6_m.2	2012	3	m	867.516	964.007	311831.5	5846479	NA	NA	NA	NA	97.901	NA	NA	NA
117	s3.7_d.1	2012	3	d	973.011	1082.994	311937	5846598	100	0	23	NA	97.775	NA	NA	NA
118	s3.7_d.2	2012	3	d	1007.991	1080.994	311972	5846596	32	47	20	NA	97.877	NA	NA	NA
119	s3.7_m.1	2012	3	m	973.508	1082.999	311937.5	5846598	15	30	20	NA	97.773	NA	NA	NA
120	s3.7_m.2	2012	3	m	980.519	1083.004	311944.5	5846598	16	18	15	NA	97.783	NA	NA	NA
121	s3.8_d.1	2012	3	d	948.002	1062.982	311912	5846578	100	0	20	NA	97.727	NA	NA	NA
122	s3.8_d.2	2012	3	d	955.014	1053.992	311919	5846569	100	0	15	NA	97.751	NA	NA	NA
123	s3.8_m.1	2012	3	m	948.521	1063.006	311912.5	5846578	100	0	26	NA	97.727	NA	NA	NA
124	s3.8_m.2	2012	3	m	955.492	1063.011	311919.5	5846578	100	0	26	NA	97.699	NA	NA	NA
125	s3.9_d.1	2012	3	d	967.984	871.001	311932	5846386	12	1	20	100	97.726	NA	NA	NA
126	s3.9_d.2	2012	3	d	991.004	877.987	311955	5846393	75	5	45	90	97.756	NA	NA	NA
127	s3.9_m.1	2012	3	m	968.503	870.998	311932.5	5846386	20	70	15	100	97.793	NA	NA	NA
128	s3.9_m.2	2012	3	m	975.478	870.996	311939.5	5846386	22	73	20	100	97.704	NA	NA	NA
129	s3.10_d.1	2012	3	d	926.016	1036.008	311890	5846551	100	0	20	NA	97.702	NA	NA	NA
130	s3.10_d.2	2012	3	d	927.008	1029.999	311891	5846545	100	0	NA	NA	97.708	NA	NA	NA
131	s3.10_m.1	2012	3	m	926.49	1035.995	311890.5	5846551	100	0	20	NA	97.701	NA	NA	NA
132	s3.10_m.2	2012	3	m	933.522	1036.006	311897.5	5846551	100	0	23	NA	97.715	NA	NA	NA
133	s3.11_d.1	2012	3	d	879.987	989.006	311844	5846504	48	12	20	100	97.783	NA	NA	NA
134	s3.11_d.2	2012	3	d	884.999	1014.004	311849	5846529	5	1	11	50	97.909	NA	NA	NA
135	s3.11_m.1	2012	3	m	880.503	997.988	311844.5	5846513	10	10	9	60	97.779	NA	NA	NA
136	s3.11_m.2	2012	3	m	887.494	998.016	311851.5	5846513	100	0	14	40	97.874	NA	NA	NA
137	s3.12_d.1	2012	3	d	1053.98	860.999	312018	5846376	52	48	10	NA	97.667	NA	NA	NA
138	s3.12_d.2	2012	3	d	1039.997	877.987	312004	5846393	30	60	30	100	97.989	NA	NA	NA
139	s3.12_m.1	2012	3	m	1054.485	860.999	312018.5	5846376	100	0	20	80	97.693	NA	NA	NA
140	s3.12_m.2	2012	3	m	1061.482	860.997	312025.5	5846376	35	25	NA	NA	97.91	NA	NA	NA
141	NA	2013	1	d	979.5347	988.724	311943.5347	5846503.724	100	0	42	36	99.371	20.7	NA	NA
142	NA	2013	1	d	972.3199	1009.326	311936.3199	5846524.326	100	0	32	0	99.21	19.3	NA	NA
143	NA	2013	1	d	1009.6638	982.003	311973.6638	5846497.003	54	46	55	45	99.298	19.6	NA	NA
144	NA	2013	1	d	1013.5328	994.548	311977.5328	5846509.548	100	0	20	0	99.778	18.5	NA	NA
145	NA	2013	1	d	992.7633	1013.22	311956.7633	5846528.22	100	0	20	0	99.691	9.4	NA	NA
146	NA	2013	1	d	976.535	1024.137	311940.535	5846539.137	100	0	28	0	99.154	18.2	NA	NA
147	NA	2013	1	d	1038.9137	1010.528	312002.9137	5846525.528	73	27	30	20	99.155	22.8	NA	NA
148	NA	2013	1	d	1034.6785	1002.16	311998.6785	5846517.16	74	19	35	15	99.521	20.1	NA	NA
149	NA	2013	1	d	1018.8543	1036.787	311982.8543	5846551.787	100	0	46	NA	98.923	25.8	NA	NA
150	NA	2013	1	d	1023.1753	1023.081	311987.1753	5846538.081	35	4	45	0	99.24	13.4	NA	NA
151	NA	2013	2	d	1032.3761	898.744	311996.3761	5846413.744	20	68	17	12	98.438	35.7	NA	NA
152	NA	2013	2	d	1017.8328	898.962	311981.8328	5846413.962	55	39	22	100	98.411	40.2	NA	NA
153	NA	2013	2	d	1038.0028	1058.923	312002.0028	5846573.923	36	6	12	43	97.941	60.5	NA	NA
154	NA	2013	2	d	1044.7846	1036.72	312008.7846	5846551.72	0	60	40	70	97.859	82.4	NA	NA
155	NA	2013	2	d	1034.8562	923.381	311998.8562	5846438.381	34	58	22	100	98.751	28.9	NA	NA
156	NA	2013	2	d	1039.718	928.392	312003.718	5846443.392	47	40	33	100	98.831	33.6	NA	NA
157	NA	2013	2	d	999.7991	967.74	311963.7991	5846482.74	45	55	60	95	99.054	19.1	NA	NA
158	NA	2013	2	d	999.6728	960.06	311963.6728	5846475.06	60	40	45	100	98.987	31.2	NA	NA
159	NA	2013	2	d	948.6548	970.542	311912.6548	5846485.542	33	57	26	100	99.003	26.4	NA	NA
160	NA	2013	2	d	935.3552	972.131	311899.3552	5846487.131	NA	NA	NA	NA	99.081	NA	NA	NA
161	NA	2013	2	d	916.456	942.314	311880.456	5846457.314	42	58	35	100	98.392	41.2	NA	NA
162	NA	2013	2	d	918.3927	945.977	311882.3927	5846460.977	71	29	26	NA	98.628	38.6	NA	NA
163	NA	2013	2	d	1010.7047	1066.979	311974.7047	5846581.979	19	9	37	100	98.128	58.3	NA	NA
164	NA	2013	2	d	1019.3265	1071.544	311983.3265	5846586.544	15	30	30	62	98.075	50.5	NA	NA
165	NA	2013	2	d	973.7304	937.376	311937.7304	5846452.376	51	49	29	100	98.863	44.6	NA	NA
166	NA	2013	2	d	984.9911	959.249	311948.9911	5846474.249	57	43	35	100	99.077	34.8	NA	NA
167	NA	2013	2	d	945.5927	907.342	311909.5927	5846422.342	25	75	25	100	98.199	52.7	NA	NA
168	NA	2013	2	d	930.3238	940.436	311894.3238	5846455.436	67	33	33	100	98.609	36.7	NA	NA
169	NA	2013	2	d	1040.14	958.347	312004.14	5846473.347	18	72	15	90	98.898	31.2	NA	NA
170	NA	2013	2	d	1033.1045	966.055	311997.1045	5846481.055	100	0	55	0	99.014	27.7	NA	NA
171	NA	2013	2	d	938.6854	994.233	311902.6854	5846509.233	29	66	18	100	98.777	30.1	NA	NA
172	NA	2013	2	d	922.7981	988.7	311886.7981	5846503.7	40	60	26	100	98.74	40	NA	NA
173	NA	2013	2	d	905.102	965.964	311869.102	5846480.964	20	80	25	100	98.786	40.1	NA	NA
174	NA	2013	2	d	911.4509	999.816	311875.4509	5846514.816	30	63	30	100	98.219	44.8	NA	NA
175	NA	2013	2	d	1049.201	919.747	312013.201	5846434.747	24	66	12	90	98.738	29.7	NA	NA
176	NA	2013	2	d	1053.4102	899.622	312017.4102	5846414.622	23	77	23	100	98.481	29.4	NA	NA
177	NA	2013	2	d	897.4483	927.92	311861.4483	5846442.92	11	67	9	100	98.097	50.5	NA	NA
178	NA	2013	2	d	870.5771	950.706	311834.5771	5846465.706	34	47	15	100	97.878	66.9	NA	NA
179	NA	2013	2	d	993.773	922.426	311957.773	5846437.426	32	56	24	39	98.61	35.4	NA	NA
180	NA	2013	2	d	990.652	886.464	311954.652	5846401.464	7	58	7	65	98.153	45.1	NA	NA
181	NA	2013	2	d	965.6855	926.278	311929.6855	5846441.278	30	70	30	70	NA	41.8	NA	NA
182	NA	2013	2	d	977.5354	893.848	311941.5354	5846408.848	47	50	50	80	98.291	39.4	NA	NA
183	NA	2013	2	d	968.9949	955.93	311932.9949	5846470.93	61	39	33	100	99.052	28.7	NA	NA
184	NA	2013	2	d	961.3222	948.561	311925.3222	5846463.561	50	50	28	43	99.007	36.6	NA	NA
185	NA	2013	2	d	975.2547	1047.983	311939.2547	5846562.983	100	0	32	40	98.371	41.2	NA	NA
186	NA	2013	2	d	988.8921	1062.266	311952.8921	5846577.266	12	13	12	25	98.196	52.2	NA	NA
187	NA	2013	3	d	844.4978	960.97	311808.4978	5846475.97	100	0	11	25	98	53.1	NA	NA
188	NA	2013	3	d	847.9258	964.004	311811.9258	5846479.004	5	13	4	52	97.922	57.9	NA	NA
189	NA	2013	3	d	931.3896	1047.663	311895.3896	5846562.663	NA	NA	NA	NA	97.733	NA	NA	NA
190	NA	2013	3	d	928.1	1046.906	311892.1	5846561.906	100	0	18	34	97.749	82.7	NA	NA
191	NA	2013	3	d	1037.7562	862.536	312001.7562	5846377.536	100	0	NA	100	97.659	73.8	NA	NA
192	NA	2013	3	d	1015.6181	872.592	311979.6181	5846387.592	100	0	11	90	97.662	75.2	NA	NA
193	NA	2013	3	d	837.5958	944.012	311801.5958	5846459.012	21	1	15	100	97.883	57.6	NA	NA
194	NA	2013	3	d	842.7522	948.09	311806.7522	5846463.09	22	27	10	50	97.875	67.4	NA	NA
195	NA	2013	3	d	908.666	917.607	311872.666	5846432.607	26	54	22	70	98.097	58.7	NA	NA
196	NA	2013	3	d	892.9502	909.581	311856.9502	5846424.581	100	0	12	100	97.807	72	NA	NA
197	NA	2013	3	d	863.0347	990.079	311827.0347	5846505.079	100	0	24	76	97.852	82.7	NA	NA
198	NA	2013	3	d	878.9791	1004.221	311842.9791	5846519.221	100	0	15	30	97.821	85.9	NA	NA
199	NA	2013	3	d	880.9382	932.28	311844.9382	5846447.28	23	26	15	90	97.866	66.2	NA	NA
200	NA	2013	3	d	873.8923	924.431	311837.8923	5846439.431	100	0	16	100	97.768	65.7	NA	NA
201	NA	2013	3	d	985.1623	866.651	311949.1623	5846381.651	100	0	NA	100	97.649	70.8	NA	NA
202	NA	2013	3	d	973.8213	874.431	311937.8213	5846389.431	100	0	NA	100	97.75	63.2	NA	NA
203	NA	2013	3	d	943.5439	875.474	311907.5439	5846390.474	50	43	NA	100	97.745	75.7	NA	NA
204	NA	2013	3	d	926.1709	899.189	311890.1709	5846414.189	30	51	NA	100	97.786	63.3	NA	NA
205	NA	2013	3	d	964.8423	1056.935	311928.8423	5846571.935	10	57	10	33	97.866	77.2	NA	NA
206	NA	2013	3	d	951.9278	1079.542	311915.9278	5846594.542	100	0	3	10	97.896	80.3	NA	NA
207	NA	2013	3	d	983.6896	1097.875	311947.6896	5846612.875	100	0	10	38	97.885	77	NA	NA
208	NA	2013	3	d	966.8889	1092.607	311930.8889	5846607.607	NA	NA	NA	NA	97.845	NA	NA	NA
209	NA	2013	3	d	898.7513	1022.335	311862.7513	5846537.335	100	0	NA	38	97.846	82.1	NA	NA
210	NA	2017	S1_	NA	NA	NA	311968.5684	5846515.231	NA	NA	0	NA	99.935	14.3	4.4	0.95
211	NA	2017	S1_	NA	NA	NA	311943.3305	5846504.445	NA	NA	5	NA	99.314	27.1	4.8	2.19
212	NA	2017	S1_	NA	NA	NA	311973.0301	5846510.441	NA	NA	0	NA	99.773	21.2	4.4	1.02
213	NA	2017	S1_	NA	NA	NA	311984.653	5846519.606	NA	NA	0	NA	99.831	17.2	5.7	1.03
214	NA	2017	S1_	NA	NA	NA	311931.0299	5846511.028	NA	NA	0	NA	99.296	22.6	4.2	1.71
215	NA	2017	S2_	NA	NA	NA	311927.4634	5846437.057	NA	NA	18	NA	98.402	53.8	6	9.3
216	NA	2017	S2_	NA	NA	NA	311955.5868	5846466.036	NA	NA	41	NA	98.933	29.9	5.3	5.62
217	NA	2017	S2_	NA	NA	NA	311955.6146	5846466.019	NA	NA	24	NA	98.938	42.6	5.4	7.02
218	NA	2017	S2_	NA	NA	NA	311853.955	5846466.179	NA	NA	13	NA	98.179	48.5	6.8	7.31
219	NA	2017	S2_	NA	NA	NA	311923.0885	5846464.941	NA	NA	19	NA	98.946	37.2	5.6	4.58
220	NA	2017	S2_	NA	NA	NA	311923.3727	5846419.617	NA	NA	25	NA	98.271	43.2	6.1	7.47
221	NA	2017	S2_	NA	NA	NA	311934.3132	5846477.589	NA	NA	34	NA	98.986	41.5	5.7	5.6
222	NA	2017	S2_	NA	NA	NA	311944.2282	5846493.614	NA	NA	5	NA	99.067	38.7	4.5	3.18
223	NA	2017	S2_	NA	NA	NA	311907.755	5846501.559	NA	NA	24	NA	98.879	41	5.1	4.03
224	NA	2017	S2_	NA	NA	NA	311874.8814	5846448.675	NA	NA	15	NA	98.244	61.8	6.7	5.75
225	NA	2017	S2_	NA	NA	NA	311975.0518	5846444.112	NA	NA	25	NA	98.83	39.4	5.2	5.93
226	NA	2017	S2_	NA	NA	NA	311985.2369	5846480.233	NA	NA	59	NA	98.991	35.7	5.4	5.49
227	NA	2017	S2_	NA	NA	NA	311925.9521	5846552.635	NA	NA	38	NA	98.439	38.5	4.4	2.71
228	NA	2017	S2_	NA	NA	NA	311884.1552	5846458.063	NA	NA	18	NA	98.444	36.8	5.8	6.9
229	NA	2017	S2_	NA	NA	NA	311985.9951	5846410.107	NA	NA	16	NA	98.396	41.4	5.9	6.69
230	NA	2017	S2_	NA	NA	NA	311952.7955	5846570.827	NA	NA	39	NA	98.542	36.8	5.2	2.81
231	NA	2017	S2_	NA	NA	NA	311935.0745	5846461.057	NA	NA	22	NA	98.947	34.9	5.5	3.54
232	NA	2017	S2_	NA	NA	NA	311839.1905	5846468.591	NA	NA	17	NA	98.046	55	7.1	7.77
233	NA	2017	S3_	NA	NA	NA	311941.0598	5846603.089	NA	NA	13	NA	97.853	60.8	6.5	3.57
234	NA	2017	S3_	NA	NA	NA	311844.5378	5846456.198	NA	NA	8	NA	97.916	60.3	7.4	6.08
235	NA	2017	S3_	NA	NA	NA	311954.0903	5846588.924	NA	NA	5	NA	97.851	60.1	6.8	4.07
236	NA	2017	S3_	NA	NA	NA	311879.7333	5846544.665	NA	NA	11	NA	97.642	67.3	6.4	5.47
237	NA	2017	S3_	NA	NA	NA	311848.255	5846450.953	NA	NA	10	NA	97.938	62.7	7.7	6.35
238	NA	2017	S3_	NA	NA	NA	311877.9	5846432.805	NA	NA	8	NA	98.151	54.8	6.9	6.85
239	NA	2017	S3_	NA	NA	NA	311877.3772	5846557.763	NA	NA	7	NA	97.847	71.4	6.6	2.51
240	NA	2017	S3_	NA	NA	NA	311862.7235	5846530.203	NA	NA	11	NA	97.817	63.1	6.1	6.75
241	NA	2017	S3_	NA	NA	NA	311877.0778	5846402.031	NA	NA	6	NA	97.725	77.9	6.4	21.91
242	NA	2017	S3_	NA	NA	NA	311797.2213	5846462.732	NA	NA	9	NA	97.876	50.5	7.3	7.15
243	NA	2017	S3_	NA	NA	NA	311887.7161	5846408.669	NA	NA	13	NA	97.763	76.7	7.1	15.76
244	NA	2017	S3_	NA	NA	NA	311803.4017	5846474.183	NA	NA	7	NA	97.928	53.5	7.3	4.99
245	St1_1	2018					311965	5846529			39				6.3	
246	St1_2	2018					311937	5846534			15			8.333333333	6.71	
247	St1_3	2018					311969	5846546			48			3.966666667	6.54	
248	St1_4	2018					311941	5846510			37			8.266666667	6.8	
249	St1_5	2018					311983	5846500			20			5.533333333	6.55	
250	St1_6	2018					311980	5846552			8			8.466666667	6.64	
251	St1_7	2018					311942	5846509			10			6.366666667	6.98	
252	St2_1	2018					311849	5846453			41			24.56666667	7.07	
253	St2_2	2018					312003	5846439			35			17.4	6.6	
254	St2_3	2018					311987	5846439			31			15.66666667	6.63	
255	St2_4	2018					311906	5846527			50			5.666666667	6.82	
256	St2_5	2018					311984	5846429			20			14.9	6.94	
257	St2_6	2018					311934	5846561			25			15.13333333	6.82	
258	St2_7	2018					311915	5846492			16			9.433333333	6.82	
259	St2_8	2018					311982	5846469			34			12.4		
260	St2_9	2018					311881	5846452			10			13.26666667	6.8	
261	St2_10	2018					311898	5846527			47			9.2	7.16	
262	St2_11	2018					311916	5846462			22			15.43333333	7.03	
263	St2_12	2018					312023	5846535			37			14.6	7.4	
264	St2_13	2018					311948	5846458			16			13.23333333	6.82	
265	St2_14	2018					311999	5846567			10			15.23333333	7.62	
266	St2_15	2018					311908	5846503			12			9.8	7.14	
267	St2_16	2018					311944	5846568			55			15	6.84	
268	St2_17	2018					312012	5846538			12			9.933333333	6.28	
269	St2_18	2018					311929	5846438			28			16.13333333	7.54	
270	St2_19	2018					311880	5846470			11			15.4	7.2	
271	St2_20	2018					312017	5846442			43			11.9	6.77	
272	St2_21	2018					311988	5846448			36			10.1	6.88	
273	St2_22	2018					311926	5846419			17			15.93333333	7.54	
274	St2_23	2018					311909	5846476			18			10.56666667	6.94	
275	St2_24	2018					311961	5846474			32			13.16666667	6.88	
276	St2_25	2018					311940	5846438			18			18.06666667	7.31	
277	St2_26	2018					311904	5846442			26			20.73333333	6.81	
278	St3_1	2018					311903	5846410			11			19.6	7.71	
279	St3_2	2018					311847	5846428			12			19.1	7.31	
280	St3_3	2018					311955	5846588			12			18	7.51	
281	St3_4	2018					311799	5846468			20			17.46666667	7.05	
282	St3_5	2018					311929	5846407			13			17.66666667	7.04	
283	St3_6	2018					311856	5846534			15			26.9	6.91	
284	St3_7	2018					311873	5846415			20			18.9	7.48	
285	St3_8	2018					311016	5846391			13			23.43333333	7.12	
286	St3_9	2018					311899	5846412			10			22.5	7.85	
287	St3_10	2018					311960	5846390			17			20.6	6.85	
288	St3_11	2018					311884	5846534			21			22.26666667	7.1	
289	St3_12	2018					311882	5846563			22.5			50.16666667	7.26	
290	St3_13	2018					311992	5846392			14			16.66666667		
291	St3_14	2018					311922	5846560			15			21.1	7.07	
292	St3_15	2018					311928	5846391			19			18.73333333	7.82	
293	St3_16	2018					311840	5846443			18			26.96666667	7.53	
294	St3_17	2018					311968	5846378			18			27.36666667		
