Punkt	Code	Jahr	Stratum	design_od_modell_basiert	x_rel_obs	y_rel_obs	x_UTM	y_UTM	Tiefe_zum_Oxidationshorizont_cm	Maechtigkeit_Oxidationshorizont_cm	Maechtigkeit_A_Horizont_cm	Maechtigkeit_AL_Schicht_cm	Gelaendehoehe_m	Bodenfeuchte_Prozent
1	s1.1_d.1	2012	1	d	1024.008	990.002	311988	5846505	100	0	10	15	NA	NA
2	s1.1_d.2	2012	1	d	1016.022	1034.028	311980	5846549	100	0	10	0	NA	NA
3	s1.1_m.1	2012	1	m	1024.474	990.006	311988.5	5846505	100	0	15	20	NA	NA
4	s1.1_m.2	2012	1	m	1031.506	989.998	311995.5	5846505	85	15	NA	20	NA	NA
5	s1.2_d.1	2012	1	d	1010.017	1009.004	311974	5846524	100	0	32	0	NA	NA
6	s1.2_d.2	2012	1	d	1005.013	1000.005	311969	5846515	100	0	0	0	NA	NA
7	s1.2_m.1	2012	1	m	1010.502	1009.008	311974.5	5846524	100	0	34	0	NA	NA
8	s1.2_m.2	2012	1	m	1017.495	1008.985	311981.5	5846524	100	0	22	0	NA	NA
9	s1.3_d.1	2012	1	d	979	1002.02	311943	5846517	100	0	13	0	NA	NA
10	s1.3_d.2	2012	1	d	971.013	1004.018	311935	5846519	100	0	22	0	NA	NA
11	s1.3_m.1	2012	1	m	979.489	1001.984	311943.5	5846517	100	0	0	0	NA	NA
12	s1.3_m.2	2012	1	m	986.499	1001.986	311950.5	5846517	100	0	10	0	NA	NA
13	s1.4_d.1	2012	1	d	1005.013	1040.014	311969	5846555	100	0	27	0	NA	NA
14	s1.4_d.2	2012	1	d	991.989	1045.982	311956	5846561	67.5	5	8	0	NA	NA
15	s1.4_m.1	2012	1	m	1005.488	1040.001	311969.5	5846555	35	56	5	0	NA	NA
16	s1.4_m.2	2012	1	m	1012.492	1039.999	311976.5	5846555	18	42	10	0	NA	NA
17	s1.5_d.1	2012	1	d	1055.026	1004.003	312019	5846519	45	52	35	0	98.908	NA
18	s1.5_d.2	2012	1	d	1040.984	1017.995	312005	5846533	41	39	40	0	99.048	NA
19	s1.5_m.1	2012	1	m	1055.493	1004.003	312019.5	5846519	35	57.5	7	0	98.894	NA
20	s1.5_m.2	2012	1	m	1062.496	1004.003	312026.5	5846519	30	70	10	NA	98.743	NA
21	s2.1_d.1	2012	2	d	999.018	915.989	311963	5846431	17	83	20	100	98.484	NA
22	s2.1_d.2	2012	2	d	992.993	923.013	311957	5846438	28	72	26	100	98.609	NA
23	s2.1_m.1	2012	2	m	999.487	916.016	311963.5	5846431	35	65	25	100	98.499	NA
24	s2.1_m.2	2012	2	m	1006.504	916.007	311970.5	5846431	33	67	39	100	98.506	NA
25	s2.2_d.1	2012	2	d	1001.989	979.992	311966	5846495	25	75	20	60	99.205	NA
26	s2.2_d.2	2012	2	d	1003.015	966.999	311967	5846482	33	67	NA	NA	99.075	NA
27	s2.2_m.1	2012	2	m	1002.473	980.014	311966.5	5846495	100	0	32	35	99.211	NA
28	s2.2_m.2	2012	2	m	1009.5	979.998	311973.5	5846495	100	0	32	55	99.229	NA
29	s2.3_d.1	2012	2	d	1013.002	1057.988	311977	5846573	18	49	30	50	98.375	NA
30	s2.3_d.2	2012	2	d	1021.013	1068.003	311985	5846583	14	42	15	70	98.066	NA
31	s2.3_m.1	2012	2	m	1013.511	1057.98	311977.5	5846573	100	0	55	50	98.367	NA
32	s2.3_m.2	2012	2	m	1020.514	1058.006	311984.5	5846573	NA	NA	NA	NA	98.233	NA
33	s2.4_d.1	2012	2	d	910.009	1004.986	311874	5846520	49	51	NA	100	97.973	NA
34	s2.4_d.2	2012	2	d	906.005	986.006	311870	5846501	21	79	20	100	98.488	NA
35	s2.4_m.1	2012	2	m	910.508	1004.992	311874.5	5846520	32	25	25	100	98	NA
36	s2.4_m.2	2012	2	m	917.5	1005.02	311881.5	5846520	25	55	36	100	98.171	NA
37	s2.5_d.1	2012	2	d	949.999	965.012	311914	5846480	19	81	22	100	98.914	NA
38	s2.5_d.2	2012	2	d	946.009	968.008	311910	5846483	22	78	20	80	98.916	NA
39	s2.5_m.1	2012	2	m	950.503	965.001	311914.5	5846480	35	65	26	80	98.907	NA
40	s2.5_m.2	2012	2	m	957.518	964.998	311921.5	5846480	70	30	NA	100	99	NA
41	s2.6_d.1	2012	2	d	1054.995	1023.991	312019	5846539	16	16	20	35	98.111	NA
42	s2.6_d.2	2012	2	d	1060	1033.978	312024	5846549	28	11	15	65	97.817	NA
43	s2.6_m.1	2012	2	m	1055.489	1023.984	312019.5	5846539	10	23	20	NA	98.072	NA
44	s2.6_m.2	2012	2	m	1062.494	1023.999	312026.5	5846539	40	40	40	45	97.895	NA
45	s2.7_d.1	2012	2	d	982.996	930.013	311947	5846445	31	69	40	100	98.777	NA
46	s2.7_d.2	2012	2	d	966.997	943.026	311931	5846458	30	70	30	100	98.971	NA
47	s2.7_m.1	2012	2	m	983.492	930	311947.5	5846445	41	59	20	100	98.755	NA
48	s2.7_m.2	2012	2	m	990.518	930.025	311954.5	5846445	32	68	30	100	98.821	NA
49	s2.8_d.1	2012	2	d	987.996	1051.016	311952	5846566	76	17	48	50	98.663	NA
50	s2.8_d.2	2012	2	d	980.023	1045.996	311944	5846561	84	16	17	50	98.618	NA
51	s2.8_m.1	2012	2	m	988.485	1050.982	311952.5	5846566	12	88	21	0	98.654	NA
52	s2.8_m.2	2012	2	m	995.486	1050.994	311959.5	5846566	100	0	12	0	98.782	NA
53	s2.9_d.1	2012	2	d	876.003	962.982	311840	5846478	35	35	48	100	97.927	NA
54	s2.9_d.2	2012	2	d	877.013	967.998	311841	5846483	17	42	23	100	97.979	NA
55	s2.9_m.1	2012	2	m	876.491	962.985	311840.5	5846478	22	73	10	100	97.963	NA
56	s2.9_m.2	2012	2	m	883.502	962.999	311847.5	5846478	33	67	35	100	98.169	NA
57	s2.10_d.1	2012	2	d	1045.002	888.005	312009	5846403	25	75	75	100	98.361	NA
58	s2.10_d.2	2012	2	d	1055.014	905.011	312019	5846420	40	60	80	100	98.504	NA
59	s2.10_m.1	2012	2	m	1045.488	887.986	312009.5	5846403	39	47	35	100	98.349	NA
60	s2.10_m.2	2012	2	m	1052.49	888.003	312016.5	5846403	18	82	20	100	98.373	NA
61	s2.11_d.1	2012	2	d	958.006	911.013	311922	5846426	30	70	40	100	98.33	NA
62	s2.11_d.2	2012	2	d	942.01	919.988	311906	5846435	30	70	20	100	98.299	NA
63	s2.11_m.1	2012	2	m	958.482	910.99	311922.5	5846426	22	78	20	100	98.346	NA
64	s2.11_m.2	2012	2	m	965.513	911.011	311929.5	5846426	25	72	25	100	98.339	NA
65	s2.12_d.1	2012	2	d	918.005	920.013	311882	5846435	26	66	20	100	98.25	NA
66	s2.12_d.2	2012	2	d	907.014	939.991	311871	5846455	25	75	20	100	98.232	NA
67	s2.12_m.1	2012	2	m	918.493	920	311882.5	5846435	100	0	NA	100	98.238	NA
68	s2.12_m.2	2012	2	m	925.502	920.005	311889.5	5846435	25	75	20	100	98.283	NA
69	s2.13_d.1	2012	2	d	1029.005	929.013	311993	5846444	100	0	50	100	98.852	NA
70	s2.13_d.2	2012	2	d	1023.99	950.994	311988	5846466	100	0	NA	100	98.851	NA
71	s2.13_m.1	2012	2	m	1029.495	929.009	311993.5	5846444	35	65	60	100	98.848	NA
72	s2.13_m.2	2012	2	m	1036.492	928.986	312000.5	5846444	40	60	40	100	98.829	NA
73	s2.14_d.1	2012	2	d	932.994	1010.012	311897	5846525	100	0	55	35	98.51	NA
74	s2.14_d.2	2012	2	d	915.999	996.982	311880	5846512	26	74	30	100	98.506	NA
75	s2.14_m.1	2012	2	m	933.498	1010.011	311897.5	5846525	60	40	35	30	98.519	NA
76	s2.14_m.2	2012	2	m	940.512	1010.009	311904.5	5846525	80	15	10	40	98.667	NA
77	s2.15_d.1	2012	2	d	945.981	948.996	311910	5846464	47	53	10	100	99.055	NA
78	s2.15_d.2	2012	2	d	937.008	974.006	311901	5846489	41	59	5	100	99.061	NA
79	s2.15_m.1	2012	2	m	946.507	948.994	311910.5	5846464	41	59	15	100	99.042	NA
80	s2.15_m.2	2012	2	m	953.486	949.004	311917.5	5846464	55	45	20	100	99.082	NA
81	s2.16_d.1	2012	2	d	1052.006	952.977	312016	5846468	60	40	35	100	98.896	NA
82	s2.16_d.2	2012	2	d	1056	963.008	312020	5846478	42	58	43	100	98.92	NA
83	s2.16_m.1	2012	2	m	1052.505	952.998	312016.5	5846468	30	70	35	100	98.881	NA
84	s2.16_m.2	2012	2	m	1059.501	952.989	312023.5	5846468	50	50	22	100	98.876	NA
85	s2.17_d.1	2012	2	d	1032.005	883.011	311996	5846398	24	49	24	70	98.237	NA
86	s2.17_d.2	2012	2	d	1004.01	902.996	311968	5846418	26	74	55	100	98.438	NA
87	s2.17_m.1	2012	2	m	1032.5	883.004	311996.5	5846398	18	82	40	90	98.246	NA
88	s2.17_m.2	2012	2	m	1039.5	883.006	312003.5	5846398	27	41	21	100	98.291	NA
89	s2.18_d.1	2012	2	d	976.992	953.991	311941	5846469	26	74	18	75	98.982	NA
90	s2.18_d.2	2012	2	d	993.984	973.998	311958	5846489	67	33	65	70	99.089	NA
91	s2.18_m.1	2012	2	m	977.507	951.011	311941.5	5846466	25	75	55	100	98.851	NA
92	s2.18_m.2	2012	2	m	984.517	953.985	311948.5	5846469	21	79	NA	NA	98.885	NA
93	s3.1_d.1	2012	3	d	850.004	921.012	311814	5846436	22	66	19	90	97.803	NA
94	s3.1_d.2	2012	3	d	834.01	934.015	311798	5846449	NA	NA	NA	NA	97.775	NA
95	s3.1_m.1	2012	3	m	850.496	921.001	311814.5	5846436	NA	NA	NA	NA	97.787	NA
96	s3.1_m.2	2012	3	m	857.508	921.007	311821.5	5846436	13	87	15	100	97.786	NA
97	s3.2_d.1	2012	3	d	878	908.002	311842	5846423	100	0	23	65	97.735	NA
98	s3.2_d.2	2012	3	d	867.998	939.005	311832	5846454	NA	NA	NA	NA	97.906	NA
99	s3.2_m.1	2012	3	m	878.499	908.005	311842.5	5846423	100	0	20	100	97.72	NA
100	s3.2_m.2	2012	3	m	885.5	907.991	311849.5	5846423	NA	NA	NA	NA	97.666	NA
101	s3.3_d.1	2012	3	d	936.003	906.019	311900	5846421	32	47	35	85	97.918	NA
102	s3.3_d.2	2012	3	d	922.018	891.001	311886	5846406	23	56	20	100	97.777	NA
103	s3.3_m.1	2012	3	m	936.502	906.012	311900.5	5846421	34	21	15	65	97.91	NA
104	s3.3_m.2	2012	3	m	943.505	906.008	311907.5	5846421	NA	NA	NA	NA	98.072	NA
105	s3.4_d.1	2012	3	d	902.993	1029.997	311867	5846545	30	15	15	NA	97.869	NA
106	s3.4_d.2	2012	3	d	895.033	1002.014	311859	5846517	15	17	20	NA	97.845	NA
107	s3.4_m.1	2012	3	m	903.504	1029.98	311867.5	5846545	30	70	27	NA	97.863	NA
108	s3.4_m.2	2012	3	m	910.497	1029.999	311874.5	5846545	100	0	10	NA	97.737	NA
109	s3.5_d.1	2012	3	d	893.984	909.994	311858	5846425	22	7	20	100	97.737	NA
110	s3.5_d.2	2012	3	d	895.997	901.974	311860	5846417	34	52	36	100	97.76	NA
111	s3.5_m.1	2012	3	m	894.499	910.004	311858.5	5846425	31	20	25	100	97.756	NA
112	s3.5_m.2	2012	3	m	901.499	910.017	311865.5	5846425	35	60	NA	NA	97.801	NA
113	s3.6_d.1	2012	3	d	860.008	963.998	311824	5846479	18	82	15	NA	97.913	NA
114	s3.6_d.2	2012	3	d	858.016	982.006	311822	5846497	100	0	32	NA	97.863	NA
115	s3.6_m.1	2012	3	m	860.508	964.003	311824.5	5846479	10	22	8	NA	97.935	NA
116	s3.6_m.2	2012	3	m	867.516	964.007	311831.5	5846479	NA	NA	NA	NA	97.901	NA
117	s3.7_d.1	2012	3	d	973.011	1082.994	311937	5846598	100	0	23	NA	97.775	NA
118	s3.7_d.2	2012	3	d	1007.991	1080.994	311972	5846596	32	47	20	NA	97.877	NA
119	s3.7_m.1	2012	3	m	973.508	1082.999	311937.5	5846598	15	30	20	NA	97.773	NA
120	s3.7_m.2	2012	3	m	980.519	1083.004	311944.5	5846598	16	18	15	NA	97.783	NA
121	s3.8_d.1	2012	3	d	948.002	1062.982	311912	5846578	100	0	20	NA	97.727	NA
122	s3.8_d.2	2012	3	d	955.014	1053.992	311919	5846569	100	0	15	NA	97.751	NA
123	s3.8_m.1	2012	3	m	948.521	1063.006	311912.5	5846578	100	0	26	NA	97.727	NA
124	s3.8_m.2	2012	3	m	955.492	1063.011	311919.5	5846578	100	0	26	NA	97.699	NA
125	s3.9_d.1	2012	3	d	967.984	871.001	311932	5846386	12	1	20	100	97.726	NA
126	s3.9_d.2	2012	3	d	991.004	877.987	311955	5846393	75	5	45	90	97.756	NA
127	s3.9_m.1	2012	3	m	968.503	870.998	311932.5	5846386	20	70	15	100	97.793	NA
128	s3.9_m.2	2012	3	m	975.478	870.996	311939.5	5846386	22	73	20	100	97.704	NA
129	s3.10_d.1	2012	3	d	926.016	1036.008	311890	5846551	100	0	20	NA	97.702	NA
130	s3.10_d.2	2012	3	d	927.008	1029.999	311891	5846545	100	0	NA	NA	97.708	NA
131	s3.10_m.1	2012	3	m	926.49	1035.995	311890.5	5846551	100	0	20	NA	97.701	NA
132	s3.10_m.2	2012	3	m	933.522	1036.006	311897.5	5846551	100	0	23	NA	97.715	NA
133	s3.11_d.1	2012	3	d	879.987	989.006	311844	5846504	48	12	20	100	97.783	NA
134	s3.11_d.2	2012	3	d	884.999	1014.004	311849	5846529	5	1	11	50	97.909	NA
135	s3.11_m.1	2012	3	m	880.503	997.988	311844.5	5846513	10	10	9	60	97.779	NA
136	s3.11_m.2	2012	3	m	887.494	998.016	311851.5	5846513	100	0	14	40	97.874	NA
137	s3.12_d.1	2012	3	d	1053.98	860.999	312018	5846376	52	48	10	NA	97.667	NA
138	s3.12_d.2	2012	3	d	1039.997	877.987	312004	5846393	30	60	30	100	97.989	NA
139	s3.12_m.1	2012	3	m	1054.485	860.999	312018.5	5846376	100	0	20	80	97.693	NA
140	s3.12_m.2	2012	3	m	1061.482	860.997	312025.5	5846376	35	25	NA	NA	97.91	NA
241	NA	2013	1	d	979.5347	988.724	311943.5347	5846503.724	100	0	42	36	99.371	20.7
242	NA	2013	1	d	972.3199	1009.326	311936.3199	5846524.326	100	0	32	0	99.21	19.3
245	NA	2013	1	d	1009.6638	982.003	311973.6638	5846497.003	54	46	55	45	99.298	19.6
246	NA	2013	1	d	1013.5328	994.548	311977.5328	5846509.548	100	0	20	0	99.778	18.5
249	NA	2013	1	d	992.7633	1013.22	311956.7633	5846528.22	100	0	20	0	99.691	9.4
250	NA	2013	1	d	976.535	1024.137	311940.535	5846539.137	100	0	28	0	99.154	18.2
253	NA	2013	1	d	1038.9137	1010.528	312002.9137	5846525.528	73	27	30	20	99.155	22.8
254	NA	2013	1	d	1034.6785	1002.16	311998.6785	5846517.16	74	19	35	15	99.521	20.1
255	NA	2013	1	d	1018.8543	1036.787	311982.8543	5846551.787	100	0	46	NA	98.923	25.8
256	NA	2013	1	d	1023.1753	1023.081	311987.1753	5846538.081	35	4	45	0	99.24	13.4
257	NA	2013	2	d	1032.3761	898.744	311996.3761	5846413.744	20	68	17	12	98.438	35.7
258	NA	2013	2	d	1017.8328	898.962	311981.8328	5846413.962	55	39	22	100	98.411	40.2
259	NA	2013	2	d	1038.0028	1058.923	312002.0028	5846573.923	36	6	12	43	97.941	60.5
260	NA	2013	2	d	1044.7846	1036.72	312008.7846	5846551.72	0	60	40	70	97.859	82.4
261	NA	2013	2	d	1034.8562	923.381	311998.8562	5846438.381	34	58	22	100	98.751	28.9
262	NA	2013	2	d	1039.718	928.392	312003.718	5846443.392	47	40	33	100	98.831	33.6
263	NA	2013	2	d	999.7991	967.74	311963.7991	5846482.74	45	55	60	95	99.054	19.1
264	NA	2013	2	d	999.6728	960.06	311963.6728	5846475.06	60	40	45	100	98.987	31.2
265	NA	2013	2	d	948.6548	970.542	311912.6548	5846485.542	33	57	26	100	99.003	26.4
266	NA	2013	2	d	935.3552	972.131	311899.3552	5846487.131	NA	NA	NA	NA	99.081	NA
267	NA	2013	2	d	916.456	942.314	311880.456	5846457.314	42	58	35	100	98.392	41.2
268	NA	2013	2	d	918.3927	945.977	311882.3927	5846460.977	71	29	26	NA	98.628	38.6
269	NA	2013	2	d	1010.7047	1066.979	311974.7047	5846581.979	19	9	37	100	98.128	58.3
270	NA	2013	2	d	1019.3265	1071.544	311983.3265	5846586.544	15	30	30	62	98.075	50.5
271	NA	2013	2	d	973.7304	937.376	311937.7304	5846452.376	51	49	29	100	98.863	44.6
272	NA	2013	2	d	984.9911	959.249	311948.9911	5846474.249	57	43	35	100	99.077	34.8
273	NA	2013	2	d	945.5927	907.342	311909.5927	5846422.342	25	75	25	100	98.199	52.7
274	NA	2013	2	d	930.3238	940.436	311894.3238	5846455.436	67	33	33	100	98.609	36.7
275	NA	2013	2	d	1040.14	958.347	312004.14	5846473.347	18	72	15	90	98.898	31.2
276	NA	2013	2	d	1033.1045	966.055	311997.1045	5846481.055	100	0	55	0	99.014	27.7
277	NA	2013	2	d	938.6854	994.233	311902.6854	5846509.233	29	66	18	100	98.777	30.1
278	NA	2013	2	d	922.7981	988.7	311886.7981	5846503.7	40	60	26	100	98.74	40
279	NA	2013	2	d	905.102	965.964	311869.102	5846480.964	20	80	25	100	98.786	40.1
280	NA	2013	2	d	911.4509	999.816	311875.4509	5846514.816	30	63	30	100	98.219	44.8
281	NA	2013	2	d	1049.201	919.747	312013.201	5846434.747	24	66	12	90	98.738	29.7
282	NA	2013	2	d	1053.4102	899.622	312017.4102	5846414.622	23	77	23	100	98.481	29.4
283	NA	2013	2	d	897.4483	927.92	311861.4483	5846442.92	11	67	9	100	98.097	50.5
284	NA	2013	2	d	870.5771	950.706	311834.5771	5846465.706	34	47	15	100	97.878	66.9
285	NA	2013	2	d	993.773	922.426	311957.773	5846437.426	32	56	24	39	98.61	35.4
286	NA	2013	2	d	990.652	886.464	311954.652	5846401.464	7	58	7	65	98.153	45.1
287	NA	2013	2	d	965.6855	926.278	311929.6855	5846441.278	30	70	30	70	NA	41.8
288	NA	2013	2	d	977.5354	893.848	311941.5354	5846408.848	47	50	50	80	98.291	39.4
289	NA	2013	2	d	968.9949	955.93	311932.9949	5846470.93	61	39	33	100	99.052	28.7
290	NA	2013	2	d	961.3222	948.561	311925.3222	5846463.561	50	50	28	43	99.007	36.6
291	NA	2013	2	d	975.2547	1047.983	311939.2547	5846562.983	100	0	32	40	98.371	41.2
292	NA	2013	2	d	988.8921	1062.266	311952.8921	5846577.266	12	13	12	25	98.196	52.2
293	NA	2013	3	d	844.4978	960.97	311808.4978	5846475.97	100	0	11	25	98	53.1
294	NA	2013	3	d	847.9258	964.004	311811.9258	5846479.004	5	13	4	52	97.922	57.9
295	NA	2013	3	d	931.3896	1047.663	311895.3896	5846562.663	NA	NA	NA	NA	97.733	NA
296	NA	2013	3	d	928.1	1046.906	311892.1	5846561.906	100	0	18	34	97.749	82.7
297	NA	2013	3	d	1037.7562	862.536	312001.7562	5846377.536	100	0	NA	100	97.659	73.8
298	NA	2013	3	d	1015.6181	872.592	311979.6181	5846387.592	100	0	11	90	97.662	75.2
299	NA	2013	3	d	837.5958	944.012	311801.5958	5846459.012	21	1	15	100	97.883	57.6
300	NA	2013	3	d	842.7522	948.09	311806.7522	5846463.09	22	27	10	50	97.875	67.4
301	NA	2013	3	d	908.666	917.607	311872.666	5846432.607	26	54	22	70	98.097	58.7
302	NA	2013	3	d	892.9502	909.581	311856.9502	5846424.581	100	0	12	100	97.807	72
303	NA	2013	3	d	863.0347	990.079	311827.0347	5846505.079	100	0	24	76	97.852	82.7
304	NA	2013	3	d	878.9791	1004.221	311842.9791	5846519.221	100	0	15	30	97.821	85.9
305	NA	2013	3	d	880.9382	932.28	311844.9382	5846447.28	23	26	15	90	97.866	66.2
306	NA	2013	3	d	873.8923	924.431	311837.8923	5846439.431	100	0	16	100	97.768	65.7
307	NA	2013	3	d	985.1623	866.651	311949.1623	5846381.651	100	0	NA	100	97.649	70.8
308	NA	2013	3	d	973.8213	874.431	311937.8213	5846389.431	100	0	NA	100	97.75	63.2
309	NA	2013	3	d	943.5439	875.474	311907.5439	5846390.474	50	43	NA	100	97.745	75.7
310	NA	2013	3	d	926.1709	899.189	311890.1709	5846414.189	30	51	NA	100	97.786	63.3
311	NA	2013	3	d	964.8423	1056.935	311928.8423	5846571.935	10	57	10	33	97.866	77.2
312	NA	2013	3	d	951.9278	1079.542	311915.9278	5846594.542	100	0	3	10	97.896	80.3
313	NA	2013	3	d	983.6896	1097.875	311947.6896	5846612.875	100	0	10	38	97.885	77
314	NA	2013	3	d	966.8889	1092.607	311930.8889	5846607.607	NA	NA	NA	NA	97.845	NA
315	NA	2013	3	d	898.7513	1022.335	311862.7513	5846537.335	100	0	NA	38	97.846	82.1
